 1:   0.3150  0.0020  0.6830  10
 2:   0.4750  0.0140  0.5110  1
 3:   0.0900  0.0050  0.9050  1
 4:   0.0330  0.9650  0.0020  1
 5:   0.0310  0.9670  0.0020  1
 6:   0.0040  0.0080  0.9880  1
 7:   0.0030  0.0040  0.9930  1
 8:   0.1850  0.0020  0.8130  1
 9:   0.1808  0.1149  0.7043  1
10:   0.1020  0.0020  0.8960  1
11:   0.5606  0.0070  0.4324  1
12:   0.7257  0.0040  0.2703  1
13:   0.3070  0.0090  0.6840  1
14:   0.0030  0.4605  0.5365  1
15:   0.0310  0.0220  0.9471  1
16:   0.0020  0.0020  0.9960  1
17:   0.0030  0.9910  0.0060  1
18:   0.0070  0.9740  0.0190  1
19:   0.3960  0.0050  0.5990  1
20:   0.2100  0.0030  0.7870  1
21:   0.2210  0.0040  0.7750  1
22:   0.0030  0.9540  0.0430  1
23:   0.0100  0.9390  0.0510  1
24:   0.6960  0.0030  0.3010  1
25:   0.0040  0.0120  0.9840  1
26:   0.4515  0.1139  0.4346  1
27:   0.4500  0.1040  0.4460  1
28:   0.2270  0.0050  0.7680  1
29:   0.6933  0.0030  0.3037  1
30:   0.9340  0.0030  0.0630  1
31:   0.8042  0.0070  0.1888  1
32:   0.0020  0.7120  0.2860  1
33:   0.8480  0.0040  0.1480  1
34:   0.9960  0.0020  0.0020  1
35:   0.5570  0.0020  0.4410  1
36:   0.0020  0.9600  0.0380  1
37:   0.0060  0.5020  0.4920  1
38:   0.0030  0.5710  0.4260  1
39:   0.0230  0.1330  0.8440  1
40:   0.0870  0.0030  0.9100  1
41:   0.0030  0.9940  0.0030  1
42:   0.0030  0.9930  0.0040  1
43:   0.0050  0.0150  0.9800  1
44:   0.0110  0.0060  0.9830  1
45:   0.4224  0.0020  0.5756  1
46:   0.0020  0.0020  0.9960  1
47:   0.2673  0.0020  0.7307  1
48:   0.0270  0.2710  0.7020  1
49:   0.2360  0.0060  0.7580  1
50:   0.1820  0.0110  0.8070  1
51:   0.2650  0.0040  0.7310  1
52:   0.9890  0.0020  0.0090  1
53:   0.9640  0.0050  0.0310  1
54:   0.3850  0.0110  0.6040  1
55:   0.1381  0.1061  0.7558  1
56:   0.2008  0.0749  0.7243  1
57:   0.1930  0.0140  0.7930  1
58:   0.9960  0.0020  0.0020  1
59:   0.7037  0.0030  0.2933  1
60:   0.4046  0.0060  0.5894  1
61:   0.0040  0.0060  0.9900  1
62:   0.0060  0.0070  0.9870  1
63:   0.3990  0.0020  0.5990  1
64:   0.6404  0.0040  0.3556  1
65:   0.6156  0.0060  0.3784  1
66:   0.9960  0.0020  0.0020  1
67:   0.9760  0.0040  0.0200  1
68:   0.9960  0.0020  0.0020  1
69:   0.3040  0.0030  0.6930  1
70:   0.1070  0.0030  0.8900  1
71:   0.0040  0.9640  0.0320  1
72:   0.0030  0.9350  0.0620  1
73:   0.1090  0.0100  0.8810  1
74:   0.1600  0.0160  0.8240  1
75:   0.9690  0.0040  0.0270  1
76:   0.5300  0.0040  0.4660  1
77:   0.0070  0.9910  0.0020  1
78:   0.0080  0.9900  0.0020  1
79:   0.1200  0.0020  0.8780  1
80:   0.0959  0.0030  0.9011  1
81:   0.1200  0.0030  0.8770  1
82:   0.2470  0.0050  0.7480  1
83:   0.0430  0.0200  0.9370  1
84:   0.0090  0.0070  0.9840  1
85:   0.0050  0.0080  0.9870  1
86:   0.0950  0.2860  0.6190  1
87:   0.1400  0.3130  0.5470  1
88:   0.0090  0.0440  0.9470  1
89:   0.2430  0.0020  0.7550  1
90:   0.0060  0.1230  0.8710  1
91:   0.1550  0.0340  0.8110  1
92:   0.2620  0.0090  0.7290  1
93:   0.8910  0.0030  0.1060  1
94:   0.0040  0.0030  0.9930  1
95:   0.0040  0.0100  0.9860  1

 1:   0.3103  0.0020  0.6877  10
 2:   0.4995  0.0110  0.4895  1
 3:   0.0950  0.0070  0.8980  1
 4:   0.0380  0.9600  0.0020  1
 5:   0.0360  0.9620  0.0020  1
 6:   0.0030  0.0080  0.9890  1
 7:   0.0050  0.0040  0.9910  1
 8:   0.1820  0.0030  0.8150  1
 9:   0.1900  0.0950  0.7150  1
10:   0.1040  0.0030  0.8930  1
11:   0.5640  0.0090  0.4270  1
12:   0.7290  0.0030  0.2680  1
13:   0.3250  0.0070  0.6680  1
14:   0.0030  0.4420  0.5550  1
15:   0.0360  0.0220  0.9420  1
16:   0.0020  0.0020  0.9960  1
17:   0.0020  0.9930  0.0050  1
18:   0.0100  0.9710  0.0190  1
19:   0.4080  0.0060  0.5860  1
20:   0.2150  0.0030  0.7820  1
21:   0.2290  0.0040  0.7670  1
22:   0.0040  0.9550  0.0410  1
23:   0.0090  0.9350  0.0560  1
24:   0.7007  0.0040  0.2953  1
25:   0.0050  0.0110  0.9840  1
26:   0.4800  0.1050  0.4150  1
27:   0.4710  0.1040  0.4250  1
28:   0.2372  0.0040  0.7588  1
29:   0.6970  0.0030  0.3000  1
30:   0.9470  0.0020  0.0510  1
31:   0.8040  0.0070  0.1890  1
32:   0.0030  0.7073  0.2897  1
33:   0.8460  0.0030  0.1510  1
34:   0.9960  0.0020  0.0020  1
35:   0.5600  0.0030  0.4370  1
36:   0.0020  0.9620  0.0360  1
37:   0.0050  0.5020  0.4930  1
38:   0.0020  0.5696  0.4284  1
39:   0.0170  0.1340  0.8490  1
40:   0.0850  0.0030  0.9120  1
41:   0.0070  0.9900  0.0030  1
42:   0.0070  0.9900  0.0030  1
43:   0.0050  0.0190  0.9760  1
44:   0.0140  0.0060  0.9800  1
45:   0.4434  0.0020  0.5546  1
46:   0.0020  0.0020  0.9960  1
47:   0.2780  0.0030  0.7190  1
48:   0.0280  0.2700  0.7020  1
49:   0.2597  0.0070  0.7333  1
50:   0.1880  0.0050  0.8070  1
51:   0.2830  0.0040  0.7130  1
52:   0.9830  0.0030  0.0140  1
53:   0.9600  0.0040  0.0360  1
54:   0.3870  0.0080  0.6050  1
55:   0.1568  0.0999  0.7433  1
56:   0.2220  0.0830  0.6950  1
57:   0.2150  0.0120  0.7730  1
58:   0.9960  0.0020  0.0020  1
59:   0.7190  0.0040  0.2770  1
60:   0.4250  0.0050  0.5700  1
61:   0.0040  0.0050  0.9910  1
62:   0.0060  0.0070  0.9870  1
63:   0.4090  0.0030  0.5880  1
64:   0.6560  0.0030  0.3410  1
65:   0.6340  0.0100  0.3560  1
66:   0.9960  0.0020  0.0020  1
67:   0.9850  0.0030  0.0120  1
68:   0.9960  0.0020  0.0020  1
69:   0.3370  0.0040  0.6590  1
70:   0.0981  0.0030  0.8989  1
71:   0.0040  0.9540  0.0420  1
72:   0.0040  0.9330  0.0630  1
73:   0.1160  0.0160  0.8680  1
74:   0.1860  0.0250  0.7890  1
75:   0.9630  0.0040  0.0330  1
76:   0.5400  0.0060  0.4540  1
77:   0.0080  0.9890  0.0030  1
78:   0.0070  0.9910  0.0020  1
79:   0.1100  0.0030  0.8870  1
80:   0.0810  0.0030  0.9160  1
81:   0.1419  0.0030  0.8551  1
82:   0.2650  0.0060  0.7290  1
83:   0.0590  0.0200  0.9210  1
84:   0.0080  0.0070  0.9850  1
85:   0.0060  0.0100  0.9840  1
86:   0.1380  0.3090  0.5530  1
87:   0.1800  0.3300  0.4900  1
88:   0.0090  0.0430  0.9479  1
89:   0.2520  0.0030  0.7450  1
90:   0.0070  0.1240  0.8690  1
91:   0.1630  0.0300  0.8070  1
92:   0.2700  0.0150  0.7150  1
93:   0.8941  0.0030  0.1029  1
94:   0.0030  0.0040  0.9930  1
95:   0.0050  0.0080  0.9870  1

 1:   0.3163  0.0020  0.6817  10
 2:   0.4850  0.0070  0.5080  1
 3:   0.1040  0.0060  0.8900  1
 4:   0.0350  0.9630  0.0020  1
 5:   0.0310  0.9670  0.0020  1
 6:   0.0030  0.0060  0.9910  1
 7:   0.0030  0.0040  0.9930  1
 8:   0.1830  0.0020  0.8150  1
 9:   0.1840  0.1030  0.7130  1
10:   0.1130  0.0030  0.8840  1
11:   0.5666  0.0110  0.4224  1
12:   0.7337  0.0030  0.2633  1
13:   0.3310  0.0070  0.6620  1
14:   0.0030  0.4575  0.5395  1
15:   0.0300  0.0170  0.9530  1
16:   0.0020  0.0020  0.9960  1
17:   0.0020  0.9920  0.0060  1
18:   0.0100  0.9710  0.0190  1
19:   0.4000  0.0050  0.5950  1
20:   0.2470  0.0020  0.7510  1
21:   0.2080  0.0030  0.7890  1
22:   0.0030  0.9590  0.0380  1
23:   0.0110  0.9330  0.0560  1
24:   0.6980  0.0030  0.2990  1
25:   0.0050  0.0090  0.9860  1
26:   0.4775  0.1049  0.4176  1
27:   0.4695  0.1021  0.4284  1
28:   0.2428  0.0050  0.7522  1
29:   0.6990  0.0020  0.2990  1
30:   0.9530  0.0020  0.0450  1
31:   0.8130  0.0050  0.1820  1
32:   0.0020  0.7090  0.2890  1
33:   0.8430  0.0030  0.1540  1
34:   0.9960  0.0020  0.0020  1
35:   0.5780  0.0020  0.4200  1
36:   0.0030  0.9570  0.0400  1
37:   0.0040  0.5050  0.4910  1
38:   0.0020  0.5780  0.4200  1
39:   0.0130  0.1380  0.8490  1
40:   0.0780  0.0030  0.9190  1
41:   0.0020  0.9960  0.0020  1
42:   0.0030  0.9940  0.0030  1
43:   0.0050  0.0200  0.9750  1
44:   0.0110  0.0070  0.9820  1
45:   0.4430  0.0030  0.5540  1
46:   0.0020  0.0020  0.9960  1
47:   0.2703  0.0020  0.7277  1
48:   0.0250  0.2760  0.6990  1
49:   0.2460  0.0060  0.7480  1
50:   0.1930  0.0080  0.7990  1
51:   0.2753  0.0030  0.7217  1
52:   0.9880  0.0020  0.0100  1
53:   0.9620  0.0030  0.0350  1
54:   0.3980  0.0090  0.5930  1
55:   0.1560  0.1170  0.7270  1
56:   0.2152  0.0741  0.7107  1
57:   0.2110  0.0140  0.7750  1
58:   0.9960  0.0020  0.0020  1
59:   0.7060  0.0030  0.2910  1
60:   0.4100  0.0050  0.5850  1
61:   0.0040  0.0060  0.9900  1
62:   0.0040  0.0070  0.9890  1
63:   0.4140  0.0030  0.5830  1
64:   0.6540  0.0030  0.3430  1
65:   0.6174  0.0100  0.3726  1
66:   0.9960  0.0020  0.0020  1
67:   0.9850  0.0030  0.0120  1
68:   0.9960  0.0020  0.0020  1
69:   0.3280  0.0030  0.6690  1
70:   0.0930  0.0030  0.9040  1
71:   0.0030  0.9540  0.0430  1
72:   0.0040  0.9350  0.0610  1
73:   0.1080  0.0110  0.8810  1
74:   0.1730  0.0180  0.8090  1
75:   0.9740  0.0040  0.0220  1
76:   0.5450  0.0050  0.4500  1
77:   0.0070  0.9900  0.0030  1
78:   0.0070  0.9910  0.0020  1
79:   0.1030  0.0030  0.8940  1
80:   0.0830  0.0030  0.9140  1
81:   0.1370  0.0030  0.8600  1
82:   0.2570  0.0050  0.7380  1
83:   0.0610  0.0160  0.9230  1
84:   0.0090  0.0070  0.9840  1
85:   0.0050  0.0080  0.9870  1
86:   0.1330  0.2970  0.5700  1
87:   0.1662  0.3373  0.4965  1
88:   0.0090  0.0470  0.9440  1
89:   0.2430  0.0030  0.7540  1
90:   0.0070  0.1220  0.8710  1
91:   0.1660  0.0340  0.8000  1
92:   0.2810  0.0100  0.7090  1
93:   0.8870  0.0030  0.1100  1
94:   0.0030  0.0040  0.9930  1
95:   0.0050  0.0090  0.9860  1

 1:   0.3140  0.0020  0.6840  10
 2:   0.4880  0.0070  0.5050  1
 3:   0.0630  0.0060  0.9310  1
 4:   0.0340  0.9640  0.0020  1
 5:   0.0300  0.9680  0.0020  1
 6:   0.0040  0.0070  0.9890  1
 7:   0.0030  0.0040  0.9930  1
 8:   0.1930  0.0020  0.8050  1
 9:   0.1740  0.1070  0.7190  1
10:   0.1110  0.0030  0.8860  1
11:   0.5680  0.0100  0.4220  1
12:   0.7270  0.0030  0.2700  1
13:   0.2867  0.0090  0.7043  1
14:   0.0030  0.4486  0.5485  1
15:   0.0350  0.0180  0.9470  1
16:   0.0020  0.0020  0.9960  1
17:   0.0040  0.9900  0.0060  1
18:   0.0140  0.9650  0.0210  1
19:   0.4070  0.0050  0.5880  1
20:   0.2302  0.0020  0.7678  1
21:   0.2122  0.0050  0.7828  1
22:   0.0040  0.9550  0.0410  1
23:   0.0090  0.9369  0.0541  1
24:   0.6950  0.0030  0.3020  1
25:   0.0040  0.0090  0.9870  1
26:   0.4366  0.1099  0.4535  1
27:   0.4290  0.1070  0.4640  1
28:   0.2240  0.0030  0.7730  1
29:   0.6910  0.0020  0.3070  1
30:   0.9340  0.0020  0.0640  1
31:   0.7980  0.0050  0.1970  1
32:   0.0020  0.7240  0.2740  1
33:   0.8500  0.0020  0.1480  1
34:   0.9960  0.0020  0.0020  1
35:   0.5670  0.0030  0.4300  1
36:   0.0020  0.9630  0.0350  1
37:   0.0070  0.4910  0.5020  1
38:   0.0030  0.5560  0.4410  1
39:   0.0170  0.1290  0.8540  1
40:   0.0719  0.0030  0.9251  1
41:   0.0020  0.9950  0.0030  1
42:   0.0030  0.9940  0.0030  1
43:   0.0050  0.0210  0.9740  1
44:   0.0080  0.0050  0.9870  1
45:   0.4310  0.0030  0.5660  1
46:   0.0020  0.0020  0.9960  1
47:   0.2507  0.0030  0.7463  1
48:   0.0270  0.2690  0.7040  1
49:   0.2290  0.0060  0.7650  1
50:   0.1770  0.0050  0.8180  1
51:   0.2490  0.0030  0.7480  1
52:   0.9850  0.0030  0.0120  1
53:   0.9570  0.0040  0.0390  1
54:   0.3900  0.0080  0.6020  1
55:   0.1440  0.1000  0.7560  1
56:   0.2050  0.0790  0.7160  1
57:   0.1860  0.0120  0.8020  1
58:   0.9960  0.0020  0.0020  1
59:   0.6977  0.0030  0.2993  1
60:   0.3980  0.0050  0.5970  1
61:   0.0040  0.0070  0.9890  1
62:   0.0070  0.0070  0.9860  1
63:   0.4066  0.0030  0.5904  1
64:   0.6500  0.0040  0.3460  1
65:   0.6020  0.0100  0.3880  1
66:   0.9960  0.0020  0.0020  1
67:   0.9810  0.0030  0.0160  1
68:   0.9960  0.0020  0.0020  1
69:   0.2987  0.0030  0.6983  1
70:   0.0830  0.0040  0.9130  1
71:   0.0020  0.9660  0.0320  1
72:   0.0030  0.9389  0.0581  1
73:   0.1060  0.0090  0.8850  1
74:   0.1610  0.0280  0.8110  1
75:   0.9590  0.0040  0.0370  1
76:   0.5275  0.0050  0.4675  1
77:   0.0100  0.9870  0.0030  1
78:   0.0090  0.9890  0.0020  1
79:   0.1179  0.0030  0.8791  1
80:   0.0889  0.0030  0.9081  1
81:   0.1210  0.0020  0.8770  1
82:   0.2430  0.0050  0.7520  1
83:   0.0500  0.0180  0.9320  1
84:   0.0090  0.0070  0.9840  1
85:   0.0050  0.0090  0.9860  1
86:   0.0960  0.2890  0.6150  1
87:   0.1410  0.3160  0.5430  1
88:   0.0080  0.0280  0.9640  1
89:   0.2350  0.0020  0.7630  1
90:   0.0080  0.1190  0.8730  1
91:   0.1481  0.0270  0.8248  1
92:   0.2430  0.0100  0.7470  1
93:   0.8900  0.0030  0.1070  1
94:   0.0030  0.0040  0.9930  1
95:   0.0050  0.0100  0.9850  1

 1:   0.3150  0.0020  0.6830  10
 2:   0.4800  0.0070  0.5130  1
 3:   0.0790  0.0070  0.9140  1
 4:   0.0350  0.9630  0.0020  1
 5:   0.0290  0.9690  0.0020  1
 6:   0.0040  0.0070  0.9890  1
 7:   0.0030  0.0040  0.9930  1
 8:   0.1680  0.0030  0.8290  1
 9:   0.1820  0.1070  0.7110  1
10:   0.1069  0.0030  0.8901  1
11:   0.5670  0.0100  0.4230  1
12:   0.7420  0.0040  0.2540  1
13:   0.3170  0.0080  0.6750  1
14:   0.0030  0.4460  0.5510  1
15:   0.0340  0.0170  0.9490  1
16:   0.0020  0.0020  0.9960  1
17:   0.0020  0.9930  0.0050  1
18:   0.0080  0.9740  0.0180  1
19:   0.3900  0.0040  0.6060  1
20:   0.2140  0.0030  0.7830  1
21:   0.2188  0.0050  0.7762  1
22:   0.0040  0.9590  0.0370  1
23:   0.0080  0.9340  0.0580  1
24:   0.7040  0.0030  0.2930  1
25:   0.0040  0.0100  0.9860  1
26:   0.4690  0.1150  0.4160  1
27:   0.4510  0.1150  0.4340  1
28:   0.2298  0.0040  0.7662  1
29:   0.7043  0.0030  0.2927  1
30:   0.9450  0.0020  0.0530  1
31:   0.8108  0.0040  0.1852  1
32:   0.0020  0.7030  0.2950  1
33:   0.8472  0.0030  0.1499  1
34:   0.9960  0.0020  0.0020  1
35:   0.5574  0.0030  0.4396  1
36:   0.0020  0.9530  0.0450  1
37:   0.0050  0.5090  0.4860  1
38:   0.0030  0.5660  0.4310  1
39:   0.0150  0.1350  0.8500  1
40:   0.0680  0.0030  0.9290  1
41:   0.0020  0.9960  0.0020  1
42:   0.0030  0.9930  0.0040  1
43:   0.0050  0.0200  0.9750  1
44:   0.0090  0.0050  0.9860  1
45:   0.4290  0.0020  0.5690  1
46:   0.0020  0.0020  0.9960  1
47:   0.2507  0.0030  0.7463  1
48:   0.0260  0.2617  0.7123  1
49:   0.2368  0.0060  0.7572  1
50:   0.1880  0.0090  0.8030  1
51:   0.2660  0.0050  0.7290  1
52:   0.9850  0.0030  0.0120  1
53:   0.9660  0.0040  0.0300  1
54:   0.3940  0.0100  0.5960  1
55:   0.1451  0.0931  0.7618  1
56:   0.2250  0.0670  0.7080  1
57:   0.1800  0.0140  0.8060  1
58:   0.9960  0.0020  0.0020  1
59:   0.7100  0.0060  0.2840  1
60:   0.4060  0.0050  0.5890  1
61:   0.0030  0.0060  0.9910  1
62:   0.0060  0.0060  0.9880  1
63:   0.4100  0.0020  0.5880  1
64:   0.6520  0.0040  0.3440  1
65:   0.6286  0.0100  0.3614  1
66:   0.9960  0.0020  0.0020  1
67:   0.9820  0.0030  0.0150  1
68:   0.9960  0.0020  0.0020  1
69:   0.3183  0.0020  0.6797  1
70:   0.0630  0.0030  0.9340  1
71:   0.0040  0.9500  0.0460  1
72:   0.0030  0.9310  0.0660  1
73:   0.1010  0.0120  0.8870  1
74:   0.1700  0.0240  0.8060  1
75:   0.9730  0.0040  0.0230  1
76:   0.5240  0.0050  0.4710  1
77:   0.0070  0.9910  0.0020  1
78:   0.0070  0.9900  0.0030  1
79:   0.0950  0.0020  0.9030  1
80:   0.0780  0.0030  0.9190  1
81:   0.1290  0.0030  0.8680  1
82:   0.2390  0.0050  0.7560  1
83:   0.0540  0.0190  0.9270  1
84:   0.0110  0.0070  0.9820  1
85:   0.0050  0.0080  0.9870  1
86:   0.1180  0.3000  0.5820  1
87:   0.1590  0.3500  0.4910  1
88:   0.0060  0.0330  0.9610  1
89:   0.2450  0.0030  0.7520  1
90:   0.0080  0.1110  0.8810  1
91:   0.1600  0.0340  0.8060  1
92:   0.2640  0.0080  0.7280  1
93:   0.8910  0.0030  0.1060  1
94:   0.0030  0.0040  0.9930  1
95:   0.0050  0.0090  0.9860  1

 1:   0.3130  0.0030  0.6840  10
 2:   0.4860  0.0090  0.5050  1
 3:   0.0780  0.0060  0.9160  1
 4:   0.0360  0.9620  0.0020  1
 5:   0.0310  0.9670  0.0020  1
 6:   0.0040  0.0080  0.9880  1
 7:   0.0030  0.0040  0.9930  1
 8:   0.1752  0.0020  0.8228  1
 9:   0.1930  0.1200  0.6870  1
10:   0.0959  0.0030  0.9011  1
11:   0.5770  0.0090  0.4140  1
12:   0.7380  0.0030  0.2590  1
13:   0.2900  0.0070  0.7030  1
14:   0.0030  0.4550  0.5420  1
15:   0.0340  0.0170  0.9490  1
16:   0.0020  0.0020  0.9960  1
17:   0.0030  0.9930  0.0040  1
18:   0.0090  0.9720  0.0190  1
19:   0.3940  0.0070  0.5990  1
20:   0.2390  0.0030  0.7580  1
21:   0.2052  0.0040  0.7908  1
22:   0.0040  0.9550  0.0410  1
23:   0.0080  0.9349  0.0571  1
24:   0.7180  0.0040  0.2780  1
25:   0.0050  0.0120  0.9830  1
26:   0.4730  0.1150  0.4120  1
27:   0.4670  0.1080  0.4250  1
28:   0.2282  0.0040  0.7678  1
29:   0.6980  0.0030  0.2990  1
30:   0.9310  0.0030  0.0660  1
31:   0.8050  0.0060  0.1890  1
32:   0.0030  0.7190  0.2780  1
33:   0.8450  0.0020  0.1530  1
34:   0.9960  0.0020  0.0020  1
35:   0.5764  0.0030  0.4206  1
36:   0.0020  0.9560  0.0420  1
37:   0.0050  0.5005  0.4945  1
38:   0.0020  0.5756  0.4224  1
39:   0.0120  0.1380  0.8500  1
40:   0.0750  0.0030  0.9220  1
41:   0.0020  0.9950  0.0030  1
42:   0.0030  0.9930  0.0040  1
43:   0.0050  0.0200  0.9750  1
44:   0.0100  0.0060  0.9840  1
45:   0.4200  0.0020  0.5780  1
46:   0.0020  0.0020  0.9960  1
47:   0.2452  0.0030  0.7518  1
48:   0.0270  0.2690  0.7040  1
49:   0.2322  0.0050  0.7628  1
50:   0.1890  0.0080  0.8030  1
51:   0.2680  0.0040  0.7280  1
52:   0.9820  0.0030  0.0150  1
53:   0.9690  0.0040  0.0270  1
54:   0.3870  0.0090  0.6040  1
55:   0.1331  0.1051  0.7618  1
56:   0.2278  0.0849  0.6873  1
57:   0.1900  0.0130  0.7970  1
58:   0.9960  0.0020  0.0020  1
59:   0.6940  0.0040  0.3020  1
60:   0.4160  0.0050  0.5790  1
61:   0.0030  0.0060  0.9910  1
62:   0.0060  0.0070  0.9870  1
63:   0.4030  0.0030  0.5940  1
64:   0.6590  0.0030  0.3380  1
65:   0.6260  0.0090  0.3650  1
66:   0.9960  0.0020  0.0020  1
67:   0.9830  0.0040  0.0130  1
68:   0.9960  0.0020  0.0020  1
69:   0.3020  0.0030  0.6950  1
70:   0.0770  0.0030  0.9200  1
71:   0.0030  0.9540  0.0430  1
72:   0.0040  0.9330  0.0630  1
73:   0.0980  0.0140  0.8880  1
74:   0.1758  0.0290  0.7952  1
75:   0.9690  0.0050  0.0260  1
76:   0.5480  0.0050  0.4470  1
77:   0.0100  0.9870  0.0030  1
78:   0.0110  0.9870  0.0020  1
79:   0.0950  0.0030  0.9020  1
80:   0.0800  0.0030  0.9170  1
81:   0.1201  0.0020  0.8779  1
82:   0.2430  0.0040  0.7530  1
83:   0.0470  0.0200  0.9330  1
84:   0.0070  0.0070  0.9860  1
85:   0.0050  0.0100  0.9850  1
86:   0.1310  0.3110  0.5580  1
87:   0.1632  0.3594  0.4775  1
88:   0.0090  0.0400  0.9510  1
89:   0.2412  0.0020  0.7568  1
90:   0.0100  0.1199  0.8701  1
91:   0.1500  0.0520  0.7980  1
92:   0.2600  0.0100  0.7300  1
93:   0.8860  0.0020  0.1120  1
94:   0.0030  0.0040  0.9930  1
95:   0.0050  0.0100  0.9850  1

 1:   0.3187  0.0030  0.6783  10
 2:   0.4990  0.0160  0.4850  1
 3:   0.0960  0.0080  0.8960  1
 4:   0.0320  0.9660  0.0020  1
 5:   0.0320  0.9650  0.0030  1
 6:   0.0040  0.0060  0.9900  1
 7:   0.0040  0.0040  0.9920  1
 8:   0.1930  0.0030  0.8040  1
 9:   0.1750  0.1440  0.6810  1
10:   0.1090  0.0030  0.8880  1
11:   0.5606  0.0120  0.4274  1
12:   0.7320  0.0040  0.2640  1
13:   0.3360  0.0080  0.6560  1
14:   0.0030  0.4150  0.5820  1
15:   0.0360  0.0220  0.9420  1
16:   0.0020  0.0020  0.9960  1
17:   0.0030  0.9910  0.0060  1
18:   0.0140  0.9630  0.0230  1
19:   0.4010  0.0050  0.5940  1
20:   0.2310  0.0030  0.7660  1
21:   0.2480  0.0040  0.7480  1
22:   0.0040  0.9480  0.0480  1
23:   0.0120  0.9250  0.0630  1
24:   0.6920  0.0040  0.3040  1
25:   0.0050  0.0110  0.9840  1
26:   0.4650  0.1090  0.4260  1
27:   0.4685  0.1039  0.4276  1
28:   0.2282  0.0050  0.7668  1
29:   0.6983  0.0030  0.2987  1
30:   0.9439  0.0020  0.0541  1
31:   0.7970  0.0050  0.1980  1
32:   0.0030  0.6710  0.3260  1
33:   0.8430  0.0040  0.1530  1
34:   0.9960  0.0020  0.0020  1
35:   0.5756  0.0020  0.4224  1
36:   0.0020  0.9160  0.0820  1
37:   0.0050  0.4780  0.5170  1
38:   0.0030  0.5155  0.4815  1
39:   0.0120  0.1340  0.8540  1
40:   0.1039  0.0030  0.8931  1
41:   0.0030  0.9940  0.0030  1
42:   0.0030  0.9930  0.0040  1
43:   0.0050  0.0200  0.9750  1
44:   0.0150  0.0070  0.9780  1
45:   0.4400  0.0020  0.5580  1
46:   0.0030  0.0020  0.9950  1
47:   0.2900  0.0030  0.7070  1
48:   0.0240  0.2520  0.7240  1
49:   0.2500  0.0070  0.7430  1
50:   0.2020  0.0080  0.7900  1
51:   0.2917  0.0040  0.7043  1
52:   0.9830  0.0030  0.0140  1
53:   0.9650  0.0040  0.0310  1
54:   0.3830  0.0100  0.6070  1
55:   0.1350  0.0990  0.7660  1
56:   0.2140  0.0660  0.7200  1
57:   0.1898  0.0330  0.7772  1
58:   0.9960  0.0020  0.0020  1
59:   0.7170  0.0050  0.2780  1
60:   0.4090  0.0040  0.5870  1
61:   0.0040  0.0060  0.9900  1
62:   0.0070  0.0070  0.9860  1
63:   0.4050  0.0030  0.5920  1
64:   0.6400  0.0090  0.3510  1
65:   0.6250  0.0090  0.3660  1
66:   0.9960  0.0020  0.0020  1
67:   0.9860  0.0030  0.0110  1
68:   0.9960  0.0020  0.0020  1
69:   0.3360  0.0030  0.6610  1
70:   0.0841  0.0030  0.9129  1
71:   0.0040  0.8801  0.1159  1
72:   0.0050  0.8961  0.0989  1
73:   0.1100  0.0150  0.8750  1
74:   0.1720  0.0230  0.8050  1
75:   0.9720  0.0040  0.0240  1
76:   0.5325  0.0220  0.4456  1
77:   0.0070  0.9900  0.0030  1
78:   0.0070  0.9910  0.0020  1
79:   0.1371  0.0030  0.8599  1
80:   0.1000  0.0040  0.8960  1
81:   0.1340  0.0030  0.8630  1
82:   0.2637  0.0120  0.7243  1
83:   0.0710  0.0100  0.9190  1
84:   0.0100  0.0060  0.9840  1
85:   0.0060  0.0090  0.9850  1
86:   0.1220  0.3100  0.5680  1
87:   0.1602  0.3443  0.4955  1
88:   0.0100  0.0180  0.9720  1
89:   0.2490  0.0030  0.7480  1
90:   0.0080  0.1130  0.8790  1
91:   0.1630  0.0350  0.8020  1
92:   0.2780  0.0060  0.7160  1
93:   0.8890  0.0050  0.1060  1
94:   0.0040  0.0040  0.9920  1
95:   0.0050  0.0090  0.9860  1

 1:   0.2930  0.0020  0.7050  10
 2:   0.4770  0.0080  0.5150  1
 3:   0.0720  0.0050  0.9230  1
 4:   0.0320  0.9660  0.0020  1
 5:   0.0310  0.9660  0.0030  1
 6:   0.0040  0.0060  0.9900  1
 7:   0.0040  0.0040  0.9920  1
 8:   0.1788  0.0020  0.8192  1
 9:   0.1730  0.1040  0.7230  1
10:   0.1010  0.0030  0.8960  1
11:   0.5630  0.0080  0.4290  1
12:   0.7280  0.0040  0.2680  1
13:   0.3190  0.0090  0.6720  1
14:   0.0030  0.4490  0.5480  1
15:   0.0280  0.0170  0.9550  1
16:   0.0020  0.0020  0.9960  1
17:   0.0030  0.9920  0.0050  1
18:   0.0070  0.9730  0.0200  1
19:   0.3890  0.0050  0.6060  1
20:   0.2182  0.0020  0.7798  1
21:   0.2270  0.0030  0.7700  1
22:   0.0030  0.9600  0.0370  1
23:   0.0090  0.9361  0.0549  1
24:   0.6810  0.0030  0.3160  1
25:   0.0040  0.0080  0.9880  1
26:   0.4250  0.0930  0.4820  1
27:   0.4140  0.0910  0.4950  1
28:   0.2138  0.0050  0.7812  1
29:   0.7027  0.0020  0.2953  1
30:   0.9460  0.0020  0.0520  1
31:   0.8010  0.0050  0.1940  1
32:   0.0020  0.7110  0.2870  1
33:   0.8500  0.0030  0.1470  1
34:   0.9960  0.0020  0.0020  1
35:   0.5570  0.0020  0.4410  1
36:   0.0020  0.9630  0.0350  1
37:   0.0040  0.5010  0.4950  1
38:   0.0020  0.5620  0.4360  1
39:   0.0190  0.1340  0.8470  1
40:   0.0760  0.0030  0.9210  1
41:   0.0020  0.9960  0.0020  1
42:   0.0020  0.9940  0.0040  1
43:   0.0050  0.0140  0.9810  1
44:   0.0110  0.0060  0.9830  1
45:   0.4180  0.0030  0.5790  1
46:   0.0020  0.0020  0.9960  1
47:   0.2650  0.0030  0.7320  1
48:   0.0270  0.2780  0.6950  1
49:   0.2462  0.0040  0.7497  1
50:   0.1918  0.0080  0.8002  1
51:   0.2680  0.0030  0.7290  1
52:   0.9830  0.0030  0.0140  1
53:   0.9600  0.0030  0.0370  1
54:   0.3760  0.0050  0.6190  1
55:   0.1311  0.1031  0.7658  1
56:   0.2030  0.0770  0.7200  1
57:   0.1830  0.0140  0.8030  1
58:   0.9960  0.0020  0.0020  1
59:   0.7090  0.0040  0.2870  1
60:   0.3836  0.0050  0.6114  1
61:   0.0040  0.0060  0.9900  1
62:   0.0070  0.0060  0.9870  1
63:   0.4000  0.0030  0.5970  1
64:   0.6386  0.0030  0.3584  1
65:   0.6200  0.0100  0.3700  1
66:   0.9960  0.0020  0.0020  1
67:   0.9810  0.0030  0.0160  1
68:   0.9960  0.0020  0.0020  1
69:   0.3370  0.0030  0.6600  1
70:   0.0480  0.0030  0.9490  1
71:   0.0030  0.9580  0.0390  1
72:   0.0040  0.9350  0.0610  1
73:   0.1070  0.0100  0.8830  1
74:   0.1692  0.0270  0.8038  1
75:   0.9750  0.0030  0.0220  1
76:   0.5340  0.0050  0.4610  1
77:   0.0070  0.9910  0.0020  1
78:   0.0060  0.9910  0.0030  1
79:   0.1070  0.0030  0.8900  1
80:   0.0781  0.0030  0.9189  1
81:   0.1350  0.0030  0.8620  1
82:   0.2500  0.0060  0.7440  1
83:   0.0571  0.0180  0.9249  1
84:   0.0100  0.0060  0.9840  1
85:   0.0050  0.0080  0.9870  1
86:   0.1050  0.3020  0.5930  1
87:   0.1410  0.3310  0.5280  1
88:   0.0070  0.0350  0.9580  1
89:   0.2460  0.0030  0.7510  1
90:   0.0060  0.1171  0.8769  1
91:   0.1510  0.0380  0.8110  1
92:   0.2620  0.0090  0.7290  1
93:   0.8840  0.0030  0.1130  1
94:   0.0030  0.0040  0.9930  1
95:   0.0050  0.0090  0.9860  1

 1:   0.3040  0.0020  0.6940  10
 2:   0.5040  0.0080  0.4880  1
 3:   0.0800  0.0050  0.9150  1
 4:   0.0350  0.9630  0.0020  1
 5:   0.0300  0.9680  0.0020  1
 6:   0.0040  0.0090  0.9870  1
 7:   0.0030  0.0040  0.9930  1
 8:   0.1770  0.0020  0.8210  1
 9:   0.1910  0.1280  0.6810  1
10:   0.1070  0.0030  0.8900  1
11:   0.5700  0.0070  0.4230  1
12:   0.7267  0.0040  0.2693  1
13:   0.3290  0.0080  0.6630  1
14:   0.0040  0.4440  0.5520  1
15:   0.0330  0.0230  0.9439  1
16:   0.0020  0.0020  0.9960  1
17:   0.0030  0.9910  0.0060  1
18:   0.0130  0.9710  0.0160  1
19:   0.4070  0.0040  0.5890  1
20:   0.2340  0.0030  0.7630  1
21:   0.2420  0.0040  0.7540  1
22:   0.0040  0.9540  0.0420  1
23:   0.0110  0.9320  0.0570  1
24:   0.6920  0.0040  0.3040  1
25:   0.0050  0.0110  0.9840  1
26:   0.4930  0.1040  0.4030  1
27:   0.4685  0.1079  0.4236  1
28:   0.2440  0.0040  0.7520  1
29:   0.6950  0.0030  0.3020  1
30:   0.9530  0.0020  0.0450  1
31:   0.8010  0.0050  0.1940  1
32:   0.0020  0.7230  0.2750  1
33:   0.8509  0.0030  0.1461  1
34:   0.9960  0.0020  0.0020  1
35:   0.5704  0.0030  0.4266  1
36:   0.0020  0.9550  0.0430  1
37:   0.0050  0.4960  0.4990  1
38:   0.0020  0.5676  0.4304  1
39:   0.0180  0.1390  0.8430  1
40:   0.0730  0.0030  0.9240  1
41:   0.0030  0.9950  0.0020  1
42:   0.0020  0.9950  0.0030  1
43:   0.0050  0.0190  0.9760  1
44:   0.0120  0.0070  0.9810  1
45:   0.4284  0.0020  0.5696  1
46:   0.0030  0.0020  0.9950  1
47:   0.2710  0.0030  0.7260  1
48:   0.0270  0.2720  0.7010  1
49:   0.2500  0.0070  0.7430  1
50:   0.1912  0.0130  0.7958  1
51:   0.2860  0.0050  0.7090  1
52:   0.9850  0.0030  0.0120  1
53:   0.9630  0.0040  0.0330  1
54:   0.3890  0.0070  0.6040  1
55:   0.1570  0.1040  0.7390  1
56:   0.2220  0.0860  0.6920  1
57:   0.1990  0.0150  0.7860  1
58:   0.9960  0.0020  0.0020  1
59:   0.7313  0.0040  0.2647  1
60:   0.4110  0.0040  0.5850  1
61:   0.0040  0.0060  0.9900  1
62:   0.0060  0.0070  0.9870  1
63:   0.4094  0.0020  0.5886  1
64:   0.6530  0.0040  0.3430  1
65:   0.6200  0.0090  0.3710  1
66:   0.9960  0.0020  0.0020  1
67:   0.9820  0.0030  0.0150  1
68:   0.9960  0.0020  0.0020  1
69:   0.3440  0.0030  0.6530  1
70:   0.0740  0.0030  0.9230  1
71:   0.0030  0.9520  0.0450  1
72:   0.0040  0.9370  0.0590  1
73:   0.1139  0.0120  0.8741  1
74:   0.1940  0.0230  0.7830  1
75:   0.9730  0.0030  0.0240  1
76:   0.5430  0.0060  0.4510  1
77:   0.0060  0.9920  0.0020  1
78:   0.0070  0.9900  0.0030  1
79:   0.1030  0.0030  0.8940  1
80:   0.0791  0.0030  0.9179  1
81:   0.1500  0.0020  0.8480  1
82:   0.2707  0.0050  0.7243  1
83:   0.0690  0.0190  0.9120  1
84:   0.0080  0.0080  0.9840  1
85:   0.0050  0.0100  0.9850  1
86:   0.1420  0.3160  0.5420  1
87:   0.1750  0.3390  0.4860  1
88:   0.0080  0.0390  0.9530  1
89:   0.2510  0.0030  0.7460  1
90:   0.0090  0.1300  0.8610  1
91:   0.1670  0.0420  0.7910  1
92:   0.2820  0.0080  0.7100  1
93:   0.8920  0.0040  0.1040  1
94:   0.0030  0.0040  0.9930  1
95:   0.0050  0.0090  0.9860  1

