 1:   0.3110  0.0022  0.6867  10
 2:   0.4882  0.0097  0.5022  1
 3:   0.0841  0.0061  0.9098  1
 4:   0.0344  0.9636  0.0020  1
 5:   0.0312  0.9666  0.0022  1
 6:   0.0038  0.0072  0.9890  1
 7:   0.0034  0.0040  0.9926  1
 8:   0.1817  0.0023  0.8160  1
 9:   0.1825  0.1137  0.7038  1
10:   0.1055  0.0029  0.8916  1
11:   0.5663  0.0092  0.4245  1
12:   0.7314  0.0036  0.2651  1
13:   0.3156  0.0080  0.6764  1
14:   0.0031  0.4464  0.5505  1
15:   0.0330  0.0194  0.9475  1
16:   0.0020  0.0020  0.9960  1
17:   0.0028  0.9918  0.0054  1
18:   0.0102  0.9704  0.0193  1
19:   0.3991  0.0051  0.5958  1
20:   0.2265  0.0027  0.7708  1
21:   0.2235  0.0040  0.7725  1
22:   0.0037  0.9554  0.0409  1
23:   0.0097  0.9340  0.0563  1
24:   0.6974  0.0034  0.2991  1
25:   0.0046  0.0103  0.9851  1
26:   0.4634  0.1077  0.4289  1
27:   0.4543  0.1048  0.4410  1
28:   0.2306  0.0043  0.7651  1
29:   0.6976  0.0027  0.2997  1
30:   0.9430  0.0022  0.0548  1
31:   0.8038  0.0054  0.1908  1
32:   0.0023  0.7088  0.2889  1
33:   0.8470  0.0030  0.1500  1
34:   0.9960  0.0020  0.0020  1
35:   0.5665  0.0026  0.4309  1
36:   0.0021  0.9539  0.0440  1
37:   0.0051  0.4983  0.4966  1
38:   0.0024  0.5624  0.4352  1
39:   0.0162  0.1349  0.8489  1
40:   0.0798  0.0030  0.9172  1
41:   0.0029  0.9946  0.0026  1
42:   0.0032  0.9932  0.0036  1
43:   0.0050  0.0187  0.9763  1
44:   0.0112  0.0061  0.9827  1
45:   0.4306  0.0023  0.5671  1
46:   0.0022  0.0020  0.9958  1
47:   0.2654  0.0028  0.7319  1
48:   0.0264  0.2687  0.7048  1
49:   0.2429  0.0060  0.7511  1
50:   0.1891  0.0083  0.8026  1
51:   0.2724  0.0039  0.7237  1
52:   0.9848  0.0028  0.0124  1
53:   0.9629  0.0039  0.0332  1
54:   0.3877  0.0086  0.6038  1
55:   0.1440  0.1030  0.7529  1
56:   0.2150  0.0769  0.7081  1
57:   0.1941  0.0157  0.7902  1
58:   0.9960  0.0020  0.0020  1
59:   0.7097  0.0040  0.2863  1
60:   0.4070  0.0049  0.5881  1
61:   0.0038  0.0060  0.9902  1
62:   0.0061  0.0068  0.9871  1
63:   0.4062  0.0027  0.5911  1
64:   0.6492  0.0041  0.3467  1
65:   0.6210  0.0092  0.3698  1
66:   0.9960  0.0020  0.0020  1
67:   0.9823  0.0032  0.0144  1
68:   0.9960  0.0020  0.0020  1
69:   0.3228  0.0030  0.6742  1
70:   0.0808  0.0031  0.9161  1
71:   0.0033  0.9480  0.0487  1
72:   0.0038  0.9304  0.0658  1
73:   0.1077  0.0121  0.8802  1
74:   0.1734  0.0237  0.8029  1
75:   0.9697  0.0039  0.0264  1
76:   0.5360  0.0070  0.4570  1
77:   0.0077  0.9898  0.0026  1
78:   0.0077  0.9900  0.0023  1
79:   0.1098  0.0028  0.8874  1
80:   0.0849  0.0031  0.9120  1
81:   0.1320  0.0027  0.8653  1
82:   0.2532  0.0059  0.7410  1
83:   0.0568  0.0178  0.9254  1
84:   0.0090  0.0069  0.9841  1
85:   0.0052  0.0089  0.9859  1
86:   0.1200  0.3022  0.5778  1
87:   0.1584  0.3356  0.5061  1
88:   0.0083  0.0363  0.9553  1
89:   0.2450  0.0027  0.7523  1
90:   0.0077  0.1199  0.8724  1
91:   0.1581  0.0362  0.8056  1
92:   0.2669  0.0094  0.7237  1
93:   0.8893  0.0032  0.1074  1
94:   0.0032  0.0039  0.9929  1
95:   0.0049  0.0092  0.9859  1
