1: 0.315 0.002 0.683 10
2: 0.475 0.014 0.511 1
3: 0.090 0.005 0.905 1
4: 0.033 0.965 0.002 1
5: 0.031 0.967 0.002 1
6: 0.004 0.008 0.987 1
7: 0.003 0.004 0.993 1
8: 0.185 0.002 0.813 1
9: 0.181 0.115 0.705 1
10: 0.102 0.002 0.896 1
11: 0.560 0.007 0.432 1
12: 0.725 0.004 0.270 1
13: 0.307 0.009 0.684 1   
14: 0.003 0.460 0.536 1
15: 0.031 0.022 0.948 1
16: 0.002 0.002 0.996 1
17: 0.003 0.992 0.006 1
18: 0.007 0.975 0.019 1
19: 0.396 0.005 0.599 1
20: 0.210 0.003 0.787 1
21: 0.221 0.004 0.775 1
22: 0.003 0.954 0.043 1
23: 0.010 0.939 0.051 1
24: 0.696 0.003 0.301 1
25: 0.004 0.012 0.983 1
26: 0.452 0.114 0.435 1
27: 0.450 0.104 0.446 1
28: 0.227 0.005 0.768 1
29: 0.694 0.003 0.304 1
30: 0.934 0.003 0.063 1
31: 0.805 0.007 0.189 1
32: 0.002 0.712 0.286 1
33: 0.848 0.004 0.148 1
34: 0.996 0.002 0.002 1
35: 0.557 0.002 0.441 1
36: 0.002 0.960 0.038 1
37: 0.006 0.502 0.492 1
38: 0.003 0.571 0.426 1
39: 0.023 0.133 0.844 1
40: 0.087 0.003 0.910 1
41: 0.003 0.994 0.003 1
42: 0.003 0.993 0.004 1
43: 0.005 0.015 0.980 1
44: 0.011 0.006 0.983 1
45: 0.422 0.002 0.575 1
46: 0.002 0.002 0.996 1
47: 0.267 0.002 0.730 1
48: 0.027 0.271 0.702 1
49: 0.236 0.006 0.758 1
50: 0.182 0.011 0.807 1
51: 0.265 0.004 0.731 1
52: 0.989 0.002 0.009 1
53: 0.965 0.005 0.031 1
54: 0.385 0.011 0.604 1
55: 0.138 0.106 0.755 1
56: 0.201 0.075 0.725 1
57: 0.193 0.014 0.793 1
58: 0.996 0.002 0.002 1
59: 0.703 0.003 0.293 1
60: 0.405 0.006 0.590 1
61: 0.004 0.006 0.990 1
62: 0.006 0.007 0.987 1
63: 0.399 0.002 0.599 1
64: 0.641 0.004 0.356 1
65: 0.615 0.006 0.378 1
66: 0.996 0.002 0.002 1
67: 0.977 0.004 0.020 1
68: 0.996 0.002 0.002 1
69: 0.304 0.003 0.693 1
70: 0.107 0.003 0.890 1
71: 0.004 0.965 0.032 1
72: 0.003 0.935 0.062 1
73: 0.109 0.010 0.881 1
74: 0.160 0.016 0.824 1
75: 0.969 0.004 0.027 1
76: 0.530 0.004 0.466 1
77: 0.007 0.990 0.002 1
78: 0.008 0.990 0.002 1
79: 0.120 0.002 0.878 1
80: 0.096 0.003 0.902 1
81: 0.120 0.003 0.877 1
82: 0.247 0.005 0.748 1
83: 0.043 0.020 0.937 1
84: 0.009 0.007 0.984 1
85: 0.005 0.008 0.987 1
86: 0.095 0.286 0.619 1
87: 0.140 0.313 0.547 1
88: 0.009 0.044 0.947 1
89: 0.243 0.002 0.755 1
90: 0.006 0.123 0.871 1
91: 0.155 0.034 0.811 1
92: 0.262 0.009 0.729 1
93: 0.891 0.003 0.106 1
94: 0.004 0.003 0.993 1
95: 0.004 0.010 0.985 1

1: 0.687 0.002 0.310 10
2: 0.490 0.011 0.500 1
3: 0.898 0.007 0.095 1
4: 0.002 0.960 0.038 1
5: 0.002 0.962 0.036 1
6: 0.988 0.008 0.003 1
7: 0.992 0.004 0.005 1
8: 0.815 0.003 0.182 1
9: 0.715 0.095 0.190 1
10: 0.893 0.003 0.104 1
11: 0.427 0.009 0.564 1
12: 0.268 0.003 0.729 1
13: 0.668 0.007 0.325 1
14: 0.555 0.442 0.003 1
15: 0.942 0.022 0.036 1
16: 0.996 0.002 0.002 1
17: 0.005 0.992 0.002 1
18: 0.019 0.971 0.010 1
19: 0.586 0.006 0.408 1
20: 0.782 0.003 0.215 1
21: 0.767 0.004 0.229 1
22: 0.041 0.955 0.004 1
23: 0.056 0.935 0.009 1
24: 0.295 0.004 0.700 1
25: 0.984 0.011 0.005 1
26: 0.415 0.105 0.480 1
27: 0.425 0.104 0.471 1
28: 0.758 0.004 0.237 1
29: 0.300 0.003 0.697 1
30: 0.051 0.002 0.947 1
31: 0.189 0.007 0.804 1
32: 0.290 0.708 0.003 1
33: 0.151 0.003 0.846 1
34: 0.002 0.002 0.996 1
35: 0.437 0.003 0.560 1
36: 0.036 0.963 0.002 1
37: 0.493 0.502 0.005 1
38: 0.428 0.569 0.002 1
39: 0.849 0.134 0.017 1
40: 0.912 0.003 0.085 1
41: 0.003 0.990 0.007 1
42: 0.003 0.990 0.007 1
43: 0.976 0.019 0.005 1
44: 0.980 0.006 0.014 1
45: 0.554 0.002 0.443 1
46: 0.995 0.002 0.002 1
47: 0.719 0.003 0.278 1
48: 0.702 0.270 0.028 1
49: 0.734 0.007 0.260 1
50: 0.807 0.005 0.188 1
51: 0.713 0.004 0.283 1
52: 0.014 0.003 0.983 1
53: 0.036 0.004 0.959 1
54: 0.605 0.008 0.387 1
55: 0.744 0.100 0.157 1
56: 0.695 0.083 0.222 1
57: 0.773 0.012 0.215 1
58: 0.002 0.002 0.997 1
59: 0.277 0.004 0.719 1
60: 0.570 0.005 0.425 1
61: 0.992 0.005 0.004 1
62: 0.986 0.007 0.006 1
63: 0.588 0.003 0.409 1
64: 0.341 0.003 0.656 1
65: 0.356 0.010 0.634 1
66: 0.002 0.002 0.996 1
67: 0.012 0.003 0.985 1
68: 0.002 0.002 0.996 1
69: 0.659 0.004 0.337 1
70: 0.898 0.003 0.098 1
71: 0.042 0.954 0.004 1
72: 0.063 0.933 0.004 1
73: 0.868 0.016 0.116 1
74: 0.789 0.025 0.186 1
75: 0.033 0.004 0.964 1
76: 0.454 0.006 0.540 1
77: 0.003 0.990 0.008 1
78: 0.002 0.991 0.007 1
79: 0.887 0.003 0.110 1
80: 0.916 0.003 0.081 1
81: 0.856 0.003 0.142 1
82: 0.729 0.006 0.265 1
83: 0.921 0.020 0.059 1
84: 0.985 0.007 0.008 1
85: 0.984 0.010 0.006 1
86: 0.553 0.309 0.138 1
87: 0.490 0.330 0.180 1
88: 0.947 0.043 0.009 1
89: 0.745 0.003 0.252 1
90: 0.869 0.124 0.007 1
91: 0.807 0.030 0.163 1
92: 0.715 0.015 0.270 1
93: 0.103 0.003 0.895 1
94: 0.993 0.004 0.003 1
95: 0.987 0.008 0.005 1

1: 0.681 0.316 0.002 10
2: 0.508 0.485 0.007 1
3: 0.890 0.104 0.006 1
4: 0.002 0.035 0.963 1
5: 0.002 0.031 0.967 1
6: 0.991 0.003 0.006 1
7: 0.993 0.003 0.004 1
8: 0.815 0.183 0.002 1
9: 0.713 0.184 0.103 1
10: 0.884 0.113 0.003 1
11: 0.422 0.566 0.011 1
12: 0.263 0.733 0.003 1
13: 0.662 0.331 0.007 1
14: 0.539 0.003 0.457 1
15: 0.952 0.030 0.017 1
16: 0.996 0.002 0.002 1
17: 0.006 0.002 0.992 1
18: 0.019 0.010 0.971 1
19: 0.595 0.400 0.005 1
20: 0.751 0.247 0.002 1
21: 0.789 0.208 0.003 1
22: 0.038 0.003 0.958 1
23: 0.056 0.011 0.933 1
24: 0.299 0.698 0.003 1
25: 0.986 0.005 0.009 1
26: 0.418 0.478 0.105 1
27: 0.428 0.469 0.102 1
28: 0.753 0.243 0.005 1
29: 0.299 0.699 0.002 1
30: 0.045 0.952 0.002 1
31: 0.182 0.813 0.005 1
32: 0.289 0.002 0.709 1
33: 0.154 0.843 0.003 1
34: 0.002 0.997 0.002 1
35: 0.420 0.578 0.002 1
36: 0.040 0.003 0.957 1
37: 0.491 0.004 0.505 1
38: 0.420 0.002 0.578 1
39: 0.849 0.013 0.138 1
40: 0.919 0.078 0.003 1
41: 0.002 0.002 0.995 1
42: 0.003 0.003 0.994 1
43: 0.975 0.005 0.020 1
44: 0.982 0.011 0.007 1
45: 0.554 0.443 0.003 1
46: 0.996 0.002 0.002 1
47: 0.727 0.270 0.002 1
48: 0.699 0.025 0.276 1
49: 0.748 0.246 0.006 1
50: 0.799 0.193 0.008 1
51: 0.721 0.275 0.003 1
52: 0.010 0.988 0.002 1
53: 0.035 0.961 0.003 1
54: 0.593 0.398 0.009 1
55: 0.727 0.156 0.117 1
56: 0.710 0.215 0.074 1
57: 0.775 0.211 0.014 1
58: 0.002 0.997 0.002 1
59: 0.291 0.706 0.003 1
60: 0.585 0.410 0.005 1
61: 0.990 0.004 0.006 1
62: 0.989 0.004 0.007 1
63: 0.583 0.414 0.003 1
64: 0.343 0.654 0.003 1
65: 0.373 0.618 0.010 1
66: 0.002 0.996 0.002 1
67: 0.012 0.985 0.003 1
68: 0.002 0.996 0.002 1
69: 0.669 0.328 0.003 1
70: 0.904 0.093 0.003 1
71: 0.043 0.003 0.954 1
72: 0.061 0.004 0.935 1
73: 0.881 0.108 0.011 1
74: 0.809 0.173 0.018 1
75: 0.022 0.974 0.004 1
76: 0.450 0.545 0.005 1
77: 0.003 0.007 0.991 1
78: 0.002 0.007 0.990 1
79: 0.894 0.103 0.003 1
80: 0.914 0.083 0.003 1
81: 0.860 0.137 0.003 1
82: 0.738 0.257 0.005 1
83: 0.923 0.061 0.016 1
84: 0.984 0.009 0.007 1
85: 0.986 0.005 0.008 1
86: 0.570 0.133 0.297 1
87: 0.496 0.166 0.337 1
88: 0.944 0.009 0.047 1
89: 0.754 0.243 0.003 1
90: 0.871 0.007 0.122 1
91: 0.800 0.166 0.034 1
92: 0.709 0.281 0.010 1
93: 0.110 0.887 0.003 1
94: 0.993 0.003 0.004 1
95: 0.986 0.005 0.009 1

1: 0.314 0.002 0.684 10
2: 0.488 0.007 0.505 1
3: 0.063 0.006 0.931 1
4: 0.034 0.963 0.002 1
5: 0.030 0.968 0.002 1
6: 0.004 0.007 0.989 1
7: 0.003 0.004 0.993 1
8: 0.193 0.002 0.805 1
9: 0.174 0.107 0.719 1
10: 0.111 0.003 0.886 1
11: 0.568 0.010 0.422 1
12: 0.727 0.003 0.270 1
13: 0.287 0.009 0.705 1
14: 0.003 0.449 0.549 1
15: 0.035 0.018 0.947 1
16: 0.002 0.002 0.996 1
17: 0.004 0.991 0.006 1
18: 0.014 0.965 0.021 1
19: 0.407 0.005 0.588 1
20: 0.230 0.002 0.767 1
21: 0.212 0.005 0.782 1
22: 0.004 0.955 0.041 1
23: 0.009 0.936 0.054 1
24: 0.695 0.003 0.302 1
25: 0.004 0.009 0.986 1
26: 0.437 0.110 0.454 1
27: 0.429 0.107 0.464 1
28: 0.224 0.003 0.773 1
29: 0.691 0.002 0.307 1
30: 0.934 0.002 0.064 1
31: 0.798 0.005 0.197 1
32: 0.002 0.724 0.274 1
33: 0.850 0.002 0.148 1
34: 0.996 0.002 0.002 1
35: 0.567 0.003 0.430 1
36: 0.002 0.963 0.035 1
37: 0.007 0.491 0.502 1
38: 0.003 0.556 0.441 1
39: 0.017 0.129 0.854 1
40: 0.072 0.003 0.926 1
41: 0.002 0.995 0.003 1
42: 0.003 0.994 0.003 1
43: 0.005 0.021 0.974 1
44: 0.008 0.005 0.987 1
45: 0.431 0.003 0.566 1
46: 0.002 0.002 0.996 1
47: 0.251 0.003 0.747 1
48: 0.027 0.269 0.704 1
49: 0.229 0.006 0.765 1
50: 0.177 0.005 0.818 1
51: 0.249 0.003 0.748 1
52: 0.986 0.003 0.012 1
53: 0.957 0.004 0.039 1
54: 0.390 0.008 0.602 1
55: 0.144 0.100 0.756 1
56: 0.205 0.079 0.716 1
57: 0.186 0.012 0.802 1
58: 0.996 0.002 0.002 1
59: 0.697 0.003 0.299 1
60: 0.398 0.005 0.597 1
61: 0.004 0.007 0.990 1
62: 0.007 0.007 0.986 1
63: 0.407 0.003 0.591 1
64: 0.650 0.004 0.346 1
65: 0.602 0.010 0.388 1
66: 0.996 0.002 0.002 1
67: 0.981 0.003 0.016 1
68: 0.996 0.002 0.002 1
69: 0.299 0.003 0.699 1
70: 0.083 0.004 0.913 1
71: 0.002 0.965 0.032 1
72: 0.003 0.938 0.058 1
73: 0.106 0.009 0.885 1
74: 0.161 0.028 0.811 1
75: 0.958 0.004 0.037 1
76: 0.527 0.005 0.467 1
77: 0.010 0.988 0.003 1
78: 0.009 0.989 0.002 1
79: 0.118 0.003 0.880 1
80: 0.089 0.003 0.909 1
81: 0.121 0.002 0.877 1
82: 0.243 0.005 0.752 1
83: 0.050 0.018 0.932 1
84: 0.009 0.007 0.984 1
85: 0.005 0.009 0.986 1
86: 0.096 0.289 0.615 1
87: 0.141 0.316 0.543 1
88: 0.008 0.028 0.964 1
89: 0.235 0.002 0.763 1
90: 0.008 0.119 0.873 1
91: 0.148 0.027 0.824 1
92: 0.243 0.010 0.747 1
93: 0.890 0.003 0.107 1
94: 0.003 0.004 0.993 1
95: 0.005 0.010 0.984 1

1: 0.315 0.683 0.002 10
2: 0.480 0.513 0.007 1
3: 0.079 0.914 0.007 1
4: 0.035 0.002 0.963 1
5: 0.029 0.002 0.969 1
6: 0.004 0.989 0.007 1
7: 0.003 0.993 0.004 1
8: 0.168 0.829 0.003 1
9: 0.182 0.711 0.107 1
10: 0.107 0.891 0.003 1
11: 0.567 0.423 0.010 1
12: 0.742 0.254 0.004 1
13: 0.317 0.675 0.008 1
14: 0.003 0.551 0.446 1
15: 0.034 0.949 0.017 1
16: 0.002 0.996 0.002 1
17: 0.002 0.005 0.992 1
18: 0.008 0.018 0.973 1
19: 0.390 0.606 0.004 1
20: 0.214 0.783 0.003 1
21: 0.219 0.777 0.005 1
22: 0.004 0.037 0.959 1
23: 0.008 0.058 0.934 1
24: 0.704 0.293 0.003 1
25: 0.004 0.985 0.010 1
26: 0.469 0.416 0.115 1
27: 0.451 0.434 0.115 1
28: 0.230 0.767 0.004 1
29: 0.705 0.293 0.003 1
30: 0.945 0.053 0.002 1
31: 0.810 0.185 0.004 1
32: 0.002 0.295 0.703 1
33: 0.848 0.150 0.003 1
34: 0.996 0.002 0.002 1
35: 0.558 0.440 0.003 1
36: 0.002 0.045 0.953 1
37: 0.005 0.486 0.509 1
38: 0.003 0.431 0.566 1
39: 0.015 0.850 0.135 1
40: 0.068 0.929 0.003 1
41: 0.002 0.002 0.995 1
42: 0.003 0.004 0.993 1
43: 0.005 0.975 0.020 1
44: 0.009 0.986 0.005 1
45: 0.429 0.569 0.002 1
46: 0.002 0.995 0.002 1
47: 0.251 0.747 0.003 1
48: 0.026 0.713 0.262 1
49: 0.237 0.758 0.006 1
50: 0.188 0.803 0.009 1
51: 0.266 0.729 0.005 1
52: 0.986 0.012 0.003 1
53: 0.965 0.030 0.004 1
54: 0.394 0.596 0.010 1
55: 0.145 0.761 0.093 1
56: 0.225 0.708 0.067 1
57: 0.180 0.806 0.014 1
58: 0.996 0.002 0.002 1
59: 0.710 0.284 0.006 1
60: 0.406 0.589 0.005 1
61: 0.003 0.991 0.006 1
62: 0.006 0.989 0.006 1
63: 0.410 0.588 0.002 1
64: 0.652 0.344 0.004 1
65: 0.628 0.361 0.010 1
66: 0.996 0.002 0.002 1
67: 0.982 0.015 0.003 1
68: 0.996 0.002 0.002 1
69: 0.318 0.679 0.002 1
70: 0.063 0.934 0.003 1
71: 0.004 0.046 0.950 1
72: 0.003 0.066 0.931 1
73: 0.101 0.887 0.012 1
74: 0.170 0.806 0.024 1
75: 0.974 0.023 0.004 1
76: 0.524 0.471 0.005 1
77: 0.007 0.002 0.991 1
78: 0.007 0.003 0.990 1
79: 0.095 0.903 0.002 1
80: 0.078 0.919 0.003 1
81: 0.129 0.868 0.003 1
82: 0.239 0.756 0.005 1
83: 0.054 0.927 0.019 1
84: 0.011 0.982 0.007 1
85: 0.005 0.987 0.008 1
86: 0.118 0.582 0.300 1
87: 0.159 0.491 0.350 1
88: 0.006 0.961 0.033 1
89: 0.245 0.752 0.003 1
90: 0.008 0.881 0.111 1
91: 0.160 0.806 0.034 1
92: 0.264 0.728 0.008 1
93: 0.891 0.106 0.003 1
94: 0.003 0.993 0.004 1
95: 0.005 0.986 0.009 1

1: 0.003 0.684 0.313 10
2: 0.009 0.505 0.486 1
3: 0.006 0.916 0.078 1
4: 0.962 0.002 0.036 1
5: 0.967 0.002 0.031 1
6: 0.008 0.989 0.004 1
7: 0.004 0.992 0.003 1
8: 0.002 0.822 0.175 1
9: 0.120 0.687 0.193 1
10: 0.003 0.902 0.096 1
11: 0.009 0.414 0.577 1
12: 0.003 0.259 0.738 1
13: 0.007 0.703 0.290 1
14: 0.455 0.542 0.003 1
15: 0.017 0.949 0.034 1
16: 0.002 0.996 0.002 1
17: 0.993 0.004 0.003 1
18: 0.972 0.019 0.009 1
19: 0.007 0.599 0.394 1
20: 0.003 0.758 0.239 1
21: 0.004 0.790 0.205 1
22: 0.954 0.041 0.004 1
23: 0.934 0.057 0.008 1
24: 0.004 0.278 0.718 1
25: 0.012 0.983 0.005 1
26: 0.115 0.412 0.473 1
27: 0.108 0.425 0.467 1
28: 0.004 0.767 0.228 1
29: 0.003 0.299 0.698 1
30: 0.003 0.066 0.931 1
31: 0.006 0.189 0.805 1
32: 0.719 0.278 0.003 1
33: 0.002 0.153 0.845 1
34: 0.002 0.002 0.996 1
35: 0.003 0.421 0.577 1
36: 0.955 0.042 0.002 1
37: 0.500 0.494 0.005 1
38: 0.575 0.422 0.002 1
39: 0.138 0.850 0.012 1
40: 0.003 0.922 0.075 1
41: 0.995 0.003 0.002 1
42: 0.994 0.004 0.003 1
43: 0.020 0.975 0.005 1
44: 0.006 0.983 0.010 1
45: 0.002 0.578 0.420 1
46: 0.002 0.996 0.002 1
47: 0.003 0.751 0.245 1
48: 0.269 0.704 0.027 1
49: 0.005 0.762 0.232 1
50: 0.008 0.803 0.189 1
51: 0.004 0.728 0.268 1
52: 0.003 0.015 0.982 1
53: 0.004 0.027 0.969 1
54: 0.009 0.604 0.387 1
55: 0.105 0.761 0.133 1
56: 0.085 0.688 0.228 1
57: 0.013 0.797 0.190 1
58: 0.002 0.002 0.997 1
59: 0.004 0.302 0.694 1
60: 0.005 0.579 0.416 1
61: 0.006 0.990 0.003 1
62: 0.007 0.987 0.006 1
63: 0.003 0.594 0.403 1
64: 0.003 0.338 0.659 1
65: 0.009 0.365 0.626 1
66: 0.002 0.002 0.996 1
67: 0.004 0.013 0.983 1
68: 0.002 0.002 0.996 1
69: 0.003 0.695 0.302 1
70: 0.003 0.920 0.077 1
71: 0.954 0.043 0.003 1
72: 0.933 0.063 0.004 1
73: 0.014 0.888 0.098 1
74: 0.029 0.796 0.176 1
75: 0.005 0.026 0.969 1
76: 0.005 0.447 0.548 1
77: 0.988 0.003 0.010 1
78: 0.987 0.002 0.011 1
79: 0.003 0.902 0.095 1
80: 0.003 0.917 0.080 1
81: 0.002 0.877 0.120 1
82: 0.004 0.753 0.243 1
83: 0.020 0.933 0.047 1
84: 0.007 0.986 0.007 1
85: 0.010 0.985 0.005 1
86: 0.311 0.558 0.131 1
87: 0.359 0.477 0.163 1
88: 0.040 0.951 0.009 1
89: 0.002 0.756 0.241 1
90: 0.120 0.871 0.010 1
91: 0.052 0.798 0.150 1
92: 0.010 0.730 0.260 1
93: 0.002 0.112 0.886 1
94: 0.004 0.993 0.003 1
95: 0.010 0.984 0.005 1

1: 0.679 0.319 0.003 10
2: 0.485 0.499 0.016 1
3: 0.896 0.096 0.008 1
4: 0.002 0.032 0.966 1
5: 0.003 0.032 0.964 1
6: 0.990 0.004 0.006 1
7: 0.992 0.004 0.004 1
8: 0.804 0.193 0.003 1
9: 0.681 0.175 0.144 1
10: 0.888 0.109 0.003 1
11: 0.427 0.560 0.012 1
12: 0.264 0.732 0.004 1
13: 0.656 0.336 0.008 1
14: 0.582 0.003 0.415 1
15: 0.942 0.036 0.022 1
16: 0.996 0.002 0.002 1
17: 0.006 0.003 0.990 1
18: 0.023 0.014 0.963 1
19: 0.594 0.401 0.005 1
20: 0.766 0.231 0.003 1
21: 0.748 0.248 0.004 1
22: 0.048 0.004 0.948 1
23: 0.063 0.012 0.925 1
24: 0.304 0.692 0.004 1
25: 0.984 0.005 0.011 1
26: 0.426 0.465 0.109 1
27: 0.428 0.469 0.104 1
28: 0.766 0.228 0.005 1
29: 0.299 0.699 0.003 1
30: 0.054 0.943 0.002 1
31: 0.198 0.797 0.005 1
32: 0.326 0.003 0.671 1
33: 0.153 0.843 0.004 1
34: 0.002 0.995 0.002 1
35: 0.422 0.575 0.002 1
36: 0.082 0.002 0.916 1
37: 0.517 0.005 0.478 1
38: 0.482 0.003 0.516 1
39: 0.854 0.012 0.134 1
40: 0.894 0.104 0.003 1
41: 0.003 0.003 0.995 1
42: 0.004 0.003 0.993 1
43: 0.975 0.005 0.020 1
44: 0.978 0.015 0.007 1
45: 0.558 0.440 0.002 1
46: 0.995 0.003 0.002 1
47: 0.707 0.290 0.003 1
48: 0.724 0.024 0.252 1
49: 0.743 0.250 0.007 1
50: 0.790 0.202 0.008 1
51: 0.705 0.292 0.004 1
52: 0.014 0.983 0.003 1
53: 0.031 0.964 0.004 1
54: 0.607 0.383 0.010 1
55: 0.766 0.135 0.099 1
56: 0.720 0.214 0.066 1
57: 0.778 0.190 0.033 1
58: 0.002 0.996 0.002 1
59: 0.278 0.717 0.005 1
60: 0.587 0.409 0.004 1
61: 0.990 0.004 0.006 1
62: 0.986 0.007 0.007 1
63: 0.592 0.405 0.003 1
64: 0.351 0.640 0.009 1
65: 0.366 0.625 0.009 1
66: 0.002 0.996 0.002 1
67: 0.011 0.986 0.003 1
68: 0.002 0.996 0.002 1
69: 0.661 0.336 0.003 1
70: 0.912 0.084 0.003 1
71: 0.116 0.004 0.881 1
72: 0.099 0.005 0.897 1
73: 0.875 0.110 0.015 1
74: 0.805 0.172 0.023 1
75: 0.024 0.972 0.004 1
76: 0.446 0.533 0.022 1
77: 0.003 0.007 0.990 1
78: 0.002 0.007 0.991 1
79: 0.859 0.137 0.003 1
80: 0.896 0.100 0.004 1
81: 0.863 0.134 0.003 1
82: 0.725 0.264 0.012 1
83: 0.919 0.071 0.010 1
84: 0.984 0.010 0.006 1
85: 0.986 0.006 0.009 1
86: 0.568 0.122 0.310 1
87: 0.495 0.160 0.344 1
88: 0.972 0.010 0.018 1
89: 0.748 0.249 0.003 1
90: 0.879 0.008 0.113 1
91: 0.802 0.163 0.035 1
92: 0.716 0.278 0.006 1
93: 0.106 0.889 0.005 1
94: 0.992 0.004 0.004 1
95: 0.986 0.005 0.009 1

1: 0.705 0.293 0.002 10
2: 0.515 0.477 0.008 1
3: 0.923 0.072 0.005 1
4: 0.002 0.032 0.966 1
5: 0.003 0.031 0.966 1
6: 0.990 0.004 0.006 1
7: 0.992 0.004 0.004 1
8: 0.820 0.179 0.002 1
9: 0.723 0.173 0.104 1
10: 0.896 0.101 0.003 1
11: 0.429 0.563 0.008 1
12: 0.268 0.728 0.004 1
13: 0.672 0.319 0.009 1
14: 0.548 0.003 0.449 1
15: 0.955 0.028 0.017 1
16: 0.996 0.002 0.002 1
17: 0.005 0.003 0.992 1
18: 0.020 0.007 0.972 1
19: 0.606 0.389 0.005 1
20: 0.779 0.218 0.002 1
21: 0.770 0.227 0.003 1
22: 0.037 0.003 0.960 1
23: 0.055 0.009 0.937 1
24: 0.316 0.681 0.003 1
25: 0.987 0.004 0.008 1
26: 0.482 0.425 0.093 1
27: 0.495 0.414 0.091 1
28: 0.782 0.214 0.005 1
29: 0.295 0.702 0.002 1
30: 0.052 0.946 0.002 1
31: 0.194 0.801 0.005 1
32: 0.287 0.002 0.711 1
33: 0.147 0.850 0.003 1
34: 0.002 0.996 0.002 1
35: 0.441 0.557 0.002 1
36: 0.035 0.002 0.963 1
37: 0.495 0.004 0.501 1
38: 0.436 0.002 0.562 1
39: 0.847 0.019 0.134 1
40: 0.921 0.076 0.003 1
41: 0.002 0.002 0.995 1
42: 0.004 0.002 0.994 1
43: 0.981 0.005 0.014 1
44: 0.983 0.011 0.006 1
45: 0.579 0.418 0.003 1
46: 0.996 0.002 0.002 1
47: 0.732 0.265 0.003 1
48: 0.695 0.027 0.278 1
49: 0.749 0.246 0.004 1
50: 0.801 0.192 0.008 1
51: 0.729 0.268 0.003 1
52: 0.014 0.983 0.003 1
53: 0.037 0.960 0.003 1
54: 0.619 0.376 0.005 1
55: 0.765 0.131 0.103 1
56: 0.720 0.203 0.077 1
57: 0.803 0.183 0.014 1
58: 0.002 0.997 0.002 1
59: 0.287 0.709 0.004 1
60: 0.612 0.384 0.005 1
61: 0.990 0.004 0.006 1
62: 0.987 0.007 0.006 1
63: 0.597 0.400 0.003 1
64: 0.358 0.638 0.003 1
65: 0.370 0.620 0.010 1
66: 0.002 0.996 0.002 1
67: 0.016 0.981 0.003 1
68: 0.002 0.996 0.002 1
69: 0.660 0.337 0.003 1
70: 0.949 0.048 0.003 1
71: 0.039 0.003 0.958 1
72: 0.061 0.004 0.935 1
73: 0.883 0.107 0.010 1
74: 0.803 0.169 0.027 1
75: 0.022 0.975 0.003 1
76: 0.461 0.534 0.005 1
77: 0.002 0.007 0.991 1
78: 0.003 0.006 0.991 1
79: 0.890 0.107 0.003 1
80: 0.918 0.078 0.003 1
81: 0.862 0.135 0.003 1
82: 0.744 0.250 0.006 1
83: 0.924 0.057 0.018 1
84: 0.984 0.010 0.006 1
85: 0.987 0.005 0.008 1
86: 0.593 0.105 0.302 1
87: 0.528 0.141 0.331 1
88: 0.958 0.007 0.035 1
89: 0.751 0.246 0.003 1
90: 0.876 0.006 0.117 1
91: 0.811 0.151 0.038 1
92: 0.729 0.262 0.009 1
93: 0.113 0.884 0.003 1
94: 0.993 0.003 0.004 1
95: 0.986 0.005 0.009 1

1: 0.304 0.002 0.694 10
2: 0.504 0.008 0.488 1
3: 0.080 0.005 0.915 1
4: 0.035 0.963 0.002 1
5: 0.030 0.968 0.002 1
6: 0.004 0.009 0.988 1
7: 0.003 0.004 0.993 1
8: 0.177 0.002 0.821 1
9: 0.191 0.128 0.681 1
10: 0.107 0.003 0.890 1
11: 0.570 0.007 0.423 1
12: 0.726 0.004 0.269 1
13: 0.329 0.008 0.663 1
14: 0.004 0.444 0.552 1
15: 0.033 0.023 0.943 1
16: 0.002 0.002 0.996 1
17: 0.003 0.991 0.006 1
18: 0.013 0.971 0.016 1
19: 0.407 0.004 0.589 1
20: 0.234 0.003 0.763 1
21: 0.242 0.004 0.754 1
22: 0.004 0.955 0.042 1
23: 0.011 0.932 0.057 1
24: 0.692 0.004 0.304 1
25: 0.005 0.011 0.984 1
26: 0.493 0.104 0.403 1
27: 0.469 0.108 0.424 1
28: 0.244 0.004 0.752 1
29: 0.695 0.003 0.302 1
30: 0.953 0.002 0.045 1
31: 0.801 0.005 0.194 1
32: 0.002 0.723 0.275 1
33: 0.850 0.003 0.146 1
34: 0.996 0.002 0.002 1
35: 0.571 0.003 0.427 1
36: 0.002 0.955 0.043 1
37: 0.005 0.496 0.499 1
38: 0.002 0.567 0.430 1
39: 0.018 0.139 0.843 1
40: 0.073 0.003 0.924 1
41: 0.003 0.995 0.002 1
42: 0.002 0.995 0.003 1
43: 0.005 0.019 0.977 1
44: 0.012 0.007 0.981 1
45: 0.428 0.002 0.569 1
46: 0.003 0.002 0.995 1
47: 0.271 0.003 0.726 1
48: 0.027 0.272 0.701 1
49: 0.250 0.007 0.743 1
50: 0.191 0.013 0.795 1
51: 0.286 0.005 0.709 1
52: 0.985 0.003 0.012 1
53: 0.963 0.004 0.033 1
54: 0.389 0.007 0.604 1
55: 0.157 0.104 0.739 1
56: 0.222 0.086 0.692 1
57: 0.199 0.015 0.786 1
58: 0.996 0.002 0.002 1
59: 0.732 0.004 0.265 1
60: 0.411 0.004 0.585 1
61: 0.004 0.006 0.990 1
62: 0.006 0.007 0.987 1
63: 0.409 0.002 0.588 1
64: 0.653 0.004 0.343 1
65: 0.620 0.009 0.371 1
66: 0.996 0.002 0.002 1
67: 0.982 0.003 0.015 1
68: 0.997 0.002 0.002 1
69: 0.344 0.003 0.653 1
70: 0.074 0.003 0.923 1
71: 0.003 0.952 0.045 1
72: 0.004 0.937 0.059 1
73: 0.114 0.012 0.875 1
74: 0.194 0.023 0.783 1
75: 0.973 0.003 0.024 1
76: 0.543 0.006 0.451 1
77: 0.006 0.991 0.002 1
78: 0.007 0.991 0.003 1
79: 0.103 0.003 0.894 1
80: 0.079 0.003 0.917 1
81: 0.150 0.002 0.848 1
82: 0.271 0.005 0.725 1
83: 0.069 0.019 0.912 1
84: 0.008 0.008 0.984 1
85: 0.005 0.010 0.985 1
86: 0.142 0.316 0.542 1
87: 0.175 0.339 0.486 1
88: 0.008 0.039 0.953 1
89: 0.251 0.003 0.746 1
90: 0.009 0.130 0.861 1
91: 0.167 0.042 0.791 1
92: 0.282 0.008 0.710 1
93: 0.892 0.004 0.104 1
94: 0.003 0.004 0.993 1
95: 0.005 0.009 0.986 1


